3
3
3
3
4.4
4.4
4.2
4.2
4.2
4.2
4.2
4.2
4.2
4.2
4.2
4.7
4.7
4.1
4.1
4.1
4.2
4.2
4.2
4.2
4.2
4.2
4.2
4.2
4.2
4.2
4.2
4.2
4.2
4.2
4.7
4.7
4.7
4.1
4.1
4.1
4.2
4.2
4.2
4.2
4.2
4.2
4.2
4.2
4.4
4.4
4.4
4.7
4.7
4.2
4.2
4.2
4.2
4.2
4.2
4.2
4.1
4.1
4.2
4.2
4.2
4.7
4.7
4.7
4.1
4.1
4.1
4.2
4.2
4.2
4.2
4.2
4.2
4.2
4.2
4.1
4.1
4.1
4.9
4.9
4.7
4.7
4.7
4.2
4.2
4.2
4.1
4.1
4.1
4.1
4.1
4.1
4.1
4.1
4.2
4.2
4.2
4.6
4.6
4.6
4.1
4.1
4.1
4.1
4.1
4.1
4.1
4.1
4.2
4.2
4.2
4.1
4.1
4.1
4.5
4.5
4.1
4.1
4.1
4.1
4.1
4.1
4.1
4.1
4.1
4.1
4.1
4.1
4.1
4.1
4.1
4.1
4.1
4.1
4.1
4.1
4.1
4.1
4.1
4.1
4.1
4.1
4.1
4.1
4.1
4.1
4.1
4.5
4.5
4.7
4.7
4.7
4.1
4.1
4.1
4.1
4.1
4.1
4.1
4.1
4.1
4.1
4.1
4.4
4.4
4.4
4.7
4.7
4.7
4.1
4.1
4.1
4.1
4.1
4.1
4.1
4.1
4.1
4.1
4.1
4.1
4.1
4.1
4.1
4.1
4.1
4.1
4.1
4.1
4.1
4.1
4.1
4.1
4.1
4.1
4.1
4.1
4.1
4.1
4.7
4.7
4.7
4.1
4.1
4.1
4.1
4.1
4.6
4.6
4.6
4.1
4.1
4.1
4.2
4.2
4.2
4.1
4.1
4.1
4.1
4.1
4.1
4.1
4.1
4.1
4.1
4.1
4.1
4.1
4.1
4.1
4.1
4.6
4.6
4.6
4.6
4.6
4.6
4.1
4.1
4.1
4.1
4.1
4.1
4.1
4.1
4.1
4.1
4.1
4.4
4.4
4.4
4.5
4.5
4.1
4.1
4.1
4.1
4.1
4.1
4.1
4.1
4.1
4.1
4.1
4
4
4
4.6
4.6
