3
3
3
3
3.1
3.1
3.1
5
5
5
5
5
5
4.6
4.6
4.6
4.6
4.6
4.6
4.6
4.6
4.6
4.6
4.6
4.6
4.6
4.6
4.6
4.6
4.5
4.5
4.5
4.5
4.5
4.5
4.6
4.6
4.6
4.6
4.6
4.5
4.5
4.5
4.6
4.6
4.6
4.8
4.8
4.8
4.6
4.6
4.6
4.6
4.6
4.6
4.6
4.6
4.3
4.3
4.3
4.7
4.7
4.6
4.6
4.6
4.6
4.6
4.6
4.6
4.6
4.6
4.5
4.5
4.3
4.3
4.3
4.6
4.6
4.6
4.5
4.5
4.5
4.8
4.8
4.5
4.5
4.5
4.5
4.5
4.5
4.5
4.5
4.5
4.3
4.3
4.6
4.6
4.6
5
5
5
4.4
4.4
4.4
4.5
4.5
4.5
4.6
4.6
4.5
4.5
4.5
4.3
4.3
4.3
4.7
4.7
4.7
4.5
4.5
4.3
4.3
4.3
4.4
4.4
4.4
4.5
4.5
4.5
4.6
4.6
4.9
4.9
4.9
4.3
4.3
4.3
4.3
4.3
4.3
4.6
4.6
4.4
4.4
4.4
4.5
4.5
4.5
4.8
4.8
4.8
4.3
4.3
4.3
4.4
4.4
4.3
4.3
4.3
4.5
4.5
4.5
4.4
4.4
4.4
4.9
4.9
4.5
4.5
4.5
4.3
4.3
4.3
4.3
4.3
4.3
4.3
4.3
4.5
4.5
4.5
4.8
4.8
4.8
4.5
4.5
4.5
4.5
4.5
4.4
4.4
4.4
4.3
4.3
4.3
4.3
4.3
4.3
4.8
4.8
4.9
4.9
4.9
4.3
4.3
4.3
4.4
4.4
4.4
4.2
4.2
4.3
4.3
4.3
4.4
4.4
4.4
4.8
4.8
4.8
4.4
4.4
4.4
4.3
4.3
4.4
4.4
